          runs  total_time      avg_time  min_time  max_time  failure  success
chunk_id                                                                      
1          124   102110.95    823.475403      0.05   6010.41        6      124
2           31    91163.95   2940.772581      0.17   6073.89        8       31
3           33   109610.94   3321.543636      0.50   6179.34        7       33
4           25    40029.25   1601.170000      1.34   6366.06        6       25
5           17    28506.31   1676.841765      2.56   7287.92        0       17
6           18    38221.71   2123.428333      5.97   8130.51        0       18
7            2    16778.60   8389.300000   7883.73   8894.87        0        2
8            3    27501.47   9167.156667   8695.20   9522.37        0        3
9            2    19477.77   9738.885000   9123.39  10354.38        0        2
10           3    30464.50  10154.833333   9769.26  10820.60        0        3
11           6    66295.77  11049.295000  10651.44  11595.19        0        6
12           3    35109.69  11703.230000  11180.11  12550.58        0        3
13           2    26125.31  13062.655000  12180.57  13944.74        0        2
14           2    27568.93  13784.465000  13367.07  14201.86        0        2
15           6    91335.02  15222.503333  14715.47  15933.26        0        6
16           4    62216.14  15554.035000  14596.96  16494.20        0        4
